10,100
10,84
10,258
10,126
10,268
10,298
10,218
10,2
10,3
11,18
11,20
11,6
9,7
8,10
8,18
8,12
8,15
50,4
50,3
50,2
50,1
50,0
49,3
49,2
49,1
49,0
48,3
48,2
48,1
48,0
47,5
47,4
47,3
47,2
47,1
47,0
46,4
46,3
46,2
46,1
46,0
44,5
44,4
44,3
44,2
44,1
44,0
41,5
41,4
41,3
41,2
41,1
41,0
39,5
39,4
39,3
39,1
37,3
37,1
35,3
35,1
30,3
30,1
27,3
27,1
20,3
20,2
20,1
19,3
19,2
19,1
17,3
17,1
12,3
12,2
12,1
11,29
11,28
11,26
11,24
11,22
11,21
11,17
11,16
11,14
11,12
11,10
11,9
11,8
11,7
11,5
11,3
11,2
11,1
10,306
10,305
10,287
10,283
10,282
10,274
10,270
10,233
10,223
10,220
10,214
10,194
10,178
10,173
18,1
10,154
